Table 2602. Generation of reference person: Annual expenditure means, shares, standard errors, and relative standard errors,

Consumer Expenditure Surveys, 2022 — Continued

Item

Gasoline, other fuels, and motor oil

Healthcare

Health insurance

Medical services

Drugs

Medical supplies

Entertainment

See footnotes at end of table.

All
consumer
units

4.3
43.06
1.38

3,834

61.56
1.61

295

8.95
3,04

1,160

33.83
2.92

787

38.26
4.86

1,592
2.2
25.72
1.62

845
1.2
35.20
4.17

5,850

100.44

1.72
3,843

44.97
1.17

1,184

61.66
5.21

615

58.51
9.52

209
8.77
4.20

3,458

109.09

3.15

833
1.1
37.45
4.50

Birth year

of 1997
or later

5.3
130.27
5.17
2,479

143.39
5.78

225

29.11
12.92

553
1.2
54.38
9.83
440

68.24
15.51

1,261

76.27
6.05

591
1.2
71.35
12.08
1,560

132.66
8.50

932

81.18
8.71

373

65.45
17.54

a a
hm NM NY KN
YS wer we wa

MN

17.75
21.68

2,103
4.4
280.10
13.32

394

51.47
13.08

Birth year
from 1981
to 1996

4.6
85.07
2.48

4,002

113.24
2.83

376

17.48
4.64

1,118

53.95
4.83

879
1.2
82.47
9.39

1,629
2.2
41.34
2.54
880
1.2
59.70
6.78
4,156

128.61
3.09

2,759

70.33
2.55

952

84.05
8.82

336

22.74
6.78

109
TAT
6.61

3,510

269.50
7.68

878
1.2
60.04
6.84

Birth year
from 1965
to 1980

4.4
68.43
1.71

4,733

104.83
2.24

395

17.40
4.41

1,416

62.46
4A1

932
1.0
64.88
6.96

1,990
2.2
47.78
2.40

1,195
1.3
82.79
6.93

6,372

263.78
4.14

3,929
4.3
97.59
2.48

1,460

130.22
8.92

a a
mB NM NY NY
YS wer we wa

236
3
18.86
8.00

4,330

175.14
4.04

1,253

75.98
6.07

Birth year
from 1946
to 1964

4.1
61.13
2.24

3,619

94.59
2.61

219

10.46
4.78

1,213

54.57
4.50

155

53.85
7.13

1,431
2.2
29.80
2.08

681
1.0
43.35
6.36

7,116
10.7
170.01
2.39

4,767

88.29
1.85

1,353

128.46
9.49

731
1.1
28.07
3.84

265
22.57

8.51
3,382

247.93
7.33

660
1.0
53.56
8.11

Birth year
of 1945
or earlier

2.6
39.50
2.88

2,282
4.4
69.60
3.05

75

1
13.60
18.26

707
1.4
47.20
6.68

419
8
35.26
8.41

1,081
2.1
42.57
3.94

442
8
67.24
15.22

7,250
13.9
187.65
2.59

5,151
9.9
101.87
1.98

906
1.7
93.64
10.34

893
1.7
142.36
15.94

300
6
42.23
14.10

1,840
3.5
89.25
4.85

344
al
51.04
14.83
