Table 2602. Generation of reference person: Annual expenditure means, shares, standard errors, and relative standard errors,
Consumer Expenditure Surveys, 2022 — Continued

Item

Fresh vegetables

SNM C 0... eee ceccceccceeceeeceeeceeceeceeeceeeceeecueceueceeeseeeaeeeaeesseesees

Processed fruits

Fats and oils

Alcoholic beverages

Housing

Shelter

Owned dwellings

See footnotes at end of table.

All
consumer
units

8.67
2.46

144

4.82
3.35

197

6.62
3.36

2,144

32.56
1.52

197

5.14
2.61

157

4.89
3.12

1,117

19.29
1.73

584

12.30
211

89

3.94
4.42

3,639

77.88
214

583

17.02
2.92

24,298
33.3
307.36
1.26

14,507
19.9
247.67
1.71

8,230
11.3
176.09
2.14

Birth year

of 1997
or later

24.53
11.54

82

11.34
13.77

123

18.50
15.09

1,211

80.52
6.65

82

13.14
16.10

82

9.76
11.97
686
1.4

43.54
6.34

325

37.90
11.66

36

6.38
17.52

2,617

200.82
7.67

423

42.48
10.05

17,279
36.0
595.95
3.45

11,989
25.0
420.44
3.51

1,754

221.08
12.60

Birth year
from 1981
to 1996

26.81
7.07

150

8.38
5.60

208

11.81
5.69

2,207

64.49
2.92

194

10.26
5.30

167

8.15
4.87

1,161

37.54
3.23

599

27.14
4.53

86

5.97
6.97

3,898

135.76
3,48

661

30.24
4.57

26,241
35.1
394.02
1.50

16,181
21.6
283.33
1.75

7,677
10.3
268.68
3.50

Birth year
from 1965
to 1980

22.33
5.43

176

9.75
5.53

237

10.25
4.32

2,624

70.65
2.69

236

11.41
4.84

195

9.83
5.05

1,370
1.5
43.79
3.20

712

22.92
3.22

111

7.29
6.55

4,798

212.42
4.43

645

26.49
411

28,536
31.2
581.85
2.04

16,973
18.6
425.96
2.51

10,531
11.5
352.11
3.34

Birth year
from 1946
to 1964

9.44
277

130

5.95
4.59

188

9.84
5.24

2,067

45.08
2.18

198

7.81
3.95

145

7.78
5.37

1,049
1.6
26.26
2.50

581

18.77
3.23

94

6.97
7.38

3,177

94.58
2.98

587

34.15
582

21,962
33.1
426.28
1.94

12,480
18.8
357.94
2:87

8,353
12.6
263.63
3.16

Birth year
of 1945
or earlier

4
11.08
4.78

121
2
11.30
9.31

126
2
9.86
7.83

1,425
2.7
73.11
5.13

168
3
16.79
9.98

107
2
6.04
5.66

760
1.5
50.66
6.66

345
T
21.01
6.09

2
2
2
2

NNN
we Ns Ns Ne

1,737
3.3
83.89
4.83

275

30.37
11.05

18,792
36.1
668.16
3.56

11,131
21.4
558.68
5.02

6,436
12.4
391.12
6.08
