Table 2602. Generation of reference person: Annual expenditure means, shares, standard errors, and coefficients of variation,
Consumer Expenditure Surveys, 2021 — Continued

Item

Audio and visual equipment and services

Pets

Reading

Education

Miscellaneous

Cash contributions

CV(%)

See footnotes at end of table.

All
consumer

925
122.57
13.26
771
18.94
2.46
114
6.22
5.45
1,226
74.00
6.03
341
12.33

3.61

986
1.5
81.14
8.23

2.415
163.87

6.79

7,873
11.8
138.50
1.76

473

18.97
4.01

Birth year

of 1997
or later

526
1.3
42.95
8.17
511

125.93
24.63

369

100.08
27.11

142

61.19
43.03

322
172.72
53.56
496
59.87
12.07
79
22.57

28.72

2.097
5.0
430.71
20.54
210
43.26
20.65
303
59.53
19.63
760
643.80
84.73
3,871

182.24
471

105

26.80
25.58

Birth year
from 1981
to 1996

770
99.59
12.94
777
26.58
3.42
107
9.51
8.92

1,008
1.5
99.04
9.82

378
28.56
7.57
934
167.31
17.91
1,163
94.31

8.11

9,249
13.4
230.72
2.49

284

17.14
6.04

Birth year
from 1965
to 1980

1,331
123.95
9.31
2.747
435.46
15.85

11,656
14.0
290.59
2.49

637

44.88
7.04

Birth year
from 1946
to 1964

990
197.07
19.91
703
26.19
3.72
124
11.49
9.27
732
103.14
14.10
372
19.98
5.37
916
72.01
7.87
2.876
245.85

8.55

6,309
10.1
190.05
3.01

575

41.42
7.21

Birth year
of 1945
or earlier

597
45.71
7.66
142
19.26
13.56
310
144.39
46.65
117
19.07
16.26

748
1.7
113.28
15.14

4,045
9.1
536.21
13.26

1,213

111.35
9.18

373

33.02
8.85
