Table 2602. Generation of reference person: Annual expenditure means, shares, standard errors, and coefficients of variation,
Consumer Expenditure Surveys, 2021 — Continued

Item

Gasoline, other fuels, and motor oil

Healthcare

Health insurance

Medical services

Drugs

Medical supplies

Entertainment

CV (%) cecsesecsssesrevsesueessvsssuesssesessessessseesteseseeesseeestensees

CV (%) cecsesecsssesrevsesueessvsssuesssesessessessseesteseseeesseeestensees

See footnotes at end of table.

All
consumer
units

3.2
26.22
1.22
3,534

55.68
1.58

272

757
2.78
975
15
23.19
2.38
760

37.11
4.89

1,528

23.73
1.55

452
15.92

3.53
5,452

82.52
1.51

3,704

48.35
1.31

1,070

51.23
4.79

498

14.23
2.86

181
8.51
4.71

3,568

138.54

3.88

654
1.0
43.16
6.60

Birth year

of 1997
or later

4.4
90.53
4.91
2,515

192.49
7.66

167

17.29
10.37

646
1.6
71.61
11.08
562
1.3
128.64
22.91
1,140

75.15
6.59

292
39.29
13.44
1,354

154.56
11.41

796

109.35
13.74

359

87.92
24.52

141

28.12
19.91

58
10.63
18.17

1,693
4.1
227.91
13.46

334

35.77
10.72

Birth year
from 1981
to 1996

mw
48.97
2.05
3,579

77.97
2.18

338

14.11
4.18

961

42.73
4.45

780

59.58
7.64

1,500
29
28,52
1.90
545
38.56
7.07
4,026

135.03
3.35

2,592
3.8
70.00
2.70
1,023

95.26
9.31

285

24.24
8.51

126
9.01
7.14

3,457

130.58
3.78

733

53.01
7.23

Birth year
from 1965
to 1980

3.2
48.94
1.81
4,426

94.78
214

360

13,29
3.69

1,210

46.33
3.83

9272

54.94
5.96

1,934
23
49.56
2.56
607
44.86
7.40
5,550

162.69
2.93

3,709

110.67
2.98

1,179

96.32
8.17

470

26.15
5.56

192
14.90

7.76
4,694

392.90
8.37

1,027

138.48
13.48

Birth year
from 1946
to 1964

3.1
33.69
1.76

3,338
5.4
75.39
2.26
224

13.80
6.16

967

36.19
3.74

713
14
41.58
5.83
1,434
23
30.39
9.12
363
25.98
7.15

6,594
10.6
143.99
2.18
4,621

110.30
2.39

1,076

56.82
5.28

680

26.89
3.95

217
17.95

8.28
3,476

219.01
6.30

437

26.06
5.96

Birth year
of 1945
or earlier

2.2
34.23
3.52

2,163
4.8
105.16
4.86

71

4
11.05
15.51

565
1.3
43.18
7.64

520
1.2
80.46
15.49

1,008
2.3
34.07
3.38

157
4
27.87
17.71

7,053
15.8
178.75
2.53

4,920
11.0
114.64
2.33

1,203
2.7
152.59
12.68

697
1.6
46.99
6.74

233
Re)
24.78
10.64

2,027
4.5
147.32
7.27

304
7
45.11
14.85
