Table 2602. Generation of reference person: Annual expenditure means, shares, standard errors, and coefficients of variation,

Consumer Expenditure Survey, 2019 — Continued

Item

Audio and visual equipment and services
SN AVC 0... eeccecsecceeceeeeeeeeeeeseeeeeeeeeesseeeeeeeeeeeeeseseeeseeteneeees

Pets

Reading

Education

Miscellaneous

Cash contributions

See footnotes at end of table.

All
consumer
units

1.6
16.12
1.61

821
1.3
40.20
4.90

681
1.1
40.29
5.92

140

11.00
7.85

389
34.23
8.80

786
1.2
13.84
1.76

92
6.47
7.03

1,443

85.62
5.93

320

11.43

3.57

899
1.4
42.52
4.73

1,995
109.43

5.48

7,165
11.4
131.08
1.83

520

21.59
4.16

Birth year

of 1997
or later

1.4
52.05
10.78

311

95.08
30.55

275

95.18
34.61

36

16.80
46.43

rn
10.72
25 92
433
54.97
12.69
39
12.68
32.26

3,636
10.7
1,164.51
32.03
144
32.66
22 64
284
119.01
41.93
302
60.66
20.12
2.351

303.97
12.93

89

37.69
42.21

Birth year
from 1981
to 1996

1.4
27.02
3.29

721

62.33
8.65

574
1.0
62.73
10.93

147

19.39
13.18

304
43.37
14.28

666
1.1
19.44
2.92

55
5.36
9.77

1,282
150.21
11.72
343
25.13

7.33

678
1.1
70.69
10.43

1,059
97.57

9.22

7,492
12.5
182.59
2.44

252

18.91
7.51

Birth year
from 1965
to 1980

1.5
34.76
3.00

1,000

83.78
8.38

804
1.0
81.78
10.17

196

23.70
12.09

518
95.55
18.46

971
1.3
37.34
3.85

87
8.59
9.85

2.164
178.04
8.23
360
17.75

4.93

1,056
1.4
66.70
6.32

2.247
218.26

9.72

10,065
13.1
232.41
2.31

617

35.79
5.80

Birth year
from 1946
to 1964

1.7
18.07
1.69
908

73.74
8.12

788

72.20
9.16

120

14.14
11.79

478
94.76
19.82

804
1.3
27.12
3.37

105
11.83
11.29
1,248

123.81

9.92
355
22.52

6.35

1,035
1.6
70.68
6.83

2,442
200.42

8.21

7,085
11.1
227.57
3.21

727

48.85
6.72

Birth year
of 1945
or earlier

2.1
23.80
205 |

540
1.2
73.46
13.61

456
1.0
68.90
15.10

83

4
19.24
23.10

133
3
43.58
32.70

675
1.5
30.83
4.57

160
4
24.93
15.63

263
6
96.11
36.57

140
3
17.99
12.87

790
1.8
69.24
8.76

2,928
5.7
266.22
10.53

1,680
3.8
173.12
10.31

402
2
37.86
9.42
