Table 2602. Generation of reference person: Annual expenditure means, shares, standard errors, and coefficients of variation,
Consumer Expenditure Surveys, 2020 — Continued

Item

Personal services

CV (%) ccecesecscsescrevscssersvsssueesseeeseeesseeeees

CV (%) cecesevscseserevseseeersvsssueesseeeseesseeeees

CV (%) ceesesevscsesesevseseeeseveesueesseeeseeesseeeees

Furniture

Apparel and services

Men and boys

See footnotes at end of table.

All
consumer
units

22.71
6.55

1,118

27.66
2.47

837
1.4
31.96
3.82
170

8.53
5.01

536

28.38
5.29

130

7.59
5.83

2,346

137.92
5.88

116

11.35
9.78

534

17.56
3.29

30

3.86
12.91

354

14.31
4.04

135

8.60
6.38

1,178
131.18
11.14
1,434

52.39
3.65

326

Birth year

of 1997
or later

49.49
84.00

496

51.19
10.33

240

51.29
21.34

37

10.48
28.69

180

48.43
26.96

24

12.82
53.19

1,491

282.63
18.96

75

30.96
41.25

394
1.1
95.81
24.31
16

4.91
32.59

228

67.18
29 51

55

8.67
15.68
724
2.0

247.66
34.23

1,230

415.18
33.75

243

Birth year
from 1981
to 1996

61.43
7.34

917
Lo
25.20
2156
709

44.49
6.28

169

22.83
13.54

429

34.42
8.03

111

14.15
12.73

2,383

144.17
6.05

127

23.44
18.50

671

32.01
4.77

27

4.34
16.12

374

27.11
7.25

142

17.57
12.34

1,042
1.7
124.00
11.90

1,742
2.8
106.47
6.11

401

Birth year
from 1965
to 1980

53.58
14.69

1,276

64.06
5.02

954

50.82
5.33

190

11.87
6.25

624

43.20
6.93

140

19.19
13.67

3,119

498.00
15.97

131

17.82
13.62

662

44.61
6.74

39

11.74
29.95

389

31.04
7.97

150

23.44
15.62

1,748
473.51
27.09
1,921

124.99
6.51

496

Birth year
from 1946
to 1964

13.26
28.58

1,203

33.16
276

924
1.6
64.46
6.98
179

14.03
7.84

599
1.0
61.31
10.23
146

14.59
40.00

2,172

126.49
5.82

119

24.84
20.89

444

34.15
7.69

23

3.22
14.04

363

27.08
7.46

145

10.36
7.16

1,079
104.41
9.68
1,088

72,49
6.66

216

Birth year
of 1945
or earlier

94.55
57.39

1,085

50.16
4.62

733

73.14
9.97

135

15.56
11.50

470
1.1
64.53
13.74
128

20.05
15.64

1,132

79.04
6.98

59

14.30
24.29

226

36.18
16.00

38

13.61
36.19

232

31.71
13.66

72

9.38
13.10

506
1.2
53.35
10.54

636
1.5
95.50
15.02
